[
[1, 60.214847],
[2, 76.40217],
[3, 96.101969],
[4, 114.357822],
[5, 116.452033],
[6, 126.577493],
[7, 127.967844],
[8, 144.049763],
[9, 155.87086],
[10, 160.551885],
[11, 163.501129],
[12, 179.972507],
[13, 209.278613],
[14, 223.089964],
[15, 229.087185],
[16, 261.90928],
[17, 266.460397],
[18, 294.136977],
[19, 330.911708],
[20, 368.675951],
[21, 420.718782],
[22, 451.050259],
[23, 521.488741],
[24, 529.781687],
[25, 567.996712],
[26, 577.498105],
[27, 617.562844],
[28, 620.394809],
[29, 650.787568],
[30, 678.167299],
[31, 691.438169],
[32, 715.646028],
[33, 787.712243],
[34, 811.66194],
[35, 826.455908],
[36, 831.541882],
[37, 883.734746],
[38, 898.639714],
[39, 908.971907],
[40, 922.003709],
[41, 930.34857],
[42, 934.094605],
[43, 959.520651],
[44, 985.139036],
[45, 987.711066],
[46, 1025.739355],
[47, 1055.109107],
[48, 1112.058007],
[49, 1127.313106],
[50, 1147.625172],
[51, 1148.076364],
[52, 1148.919937],
[53, 1156.31362],
[54, 1174.276941],
[55, 1184.498668],
[56, 1196.355055],
[57, 1203.564034],
[58, 1213.243938],
[59, 1217.180876],
[60, 1236.94674],
[61, 1263.966141],
[62, 1273.393471],
[63, 1288.248956],
[64, 1313.639874],
[65, 1348.103756],
[66, 1351.797858],
[67, 1360.280904],
[68, 1361.62774],
[69, 1376.216819],
[70, 1379.527009],
[71, 1394.283496],
[72, 1400.69419],
[73, 1453.415247],
[74, 1486.470196],
[75, 1511.005284],
[76, 1531.593789],
[77, 1562.698302],
[78, 1625.763473],
[79, 1648.172819],
[80, 1660.963112],
[81, 1694.713068],
[82, 1754.933231],
[83, 1799.178176],
[84, 1799.618348],
[85, 1821.608465],
[86, 1858.974789],
[87, 1859.466677],
[88, 1869.416682],
[89, 1899.697265],
[90, 1908.849897],
[91, 1914.399014],
[92, 1936.822588],
[93, 1954.92483],
[94, 1979.992953],
[95, 2006.468486],
[96, 2037.739898],
[97, 2061.157002],
[98, 2078.49616],
[99, 2095.284739],
[100, 2097.848122],
[101, 2106.644161],
[102, 2120.504642],
[103, 2124.498232],
[104, 2141.273636],
[105, 2157.146411],
[106, 2174.952651],
[107, 2189.80265],
[108, 2195.749017],
[109, 2214.359427],
[110, 2215.075012],
[111, 2233.743072],
[112, 2261.641722],
[113, 2304.596707],
[114, 2312.926273],
[115, 2320.165149],
[116, 2352.253347],
[117, 2356.899834],
[118, 2390.928381],
[119, 2401.324919],
[120, 2411.621422],
[121, 2417.821941],
[122, 2428.901404],
[123, 2436.592384],
[124, 2451.935563],
[125, 2539.164907],
[126, 2550.415766],
[127, 2564.142344],
[128, 2583.791281],
[129, 2602.647583],
[130, 2648.558256],
[131, 2650.334333],
[132, 2668.803887],
[133, 2698.073014],
[134, 2722.764519],
[135, 2732.927604],
[136, 2824.110858],
[137, 2893.236762],
[138, 2904.126709],
[139, 2932.086287],
[140, 2947.178603],
[141, 2954.748408],
[142, 2982.412179],
[143, 2986.160016],
[144, 2996.387362],
[145, 3006.570793],
[146, 3014.766237],
[147, 3043.500879],
[148, 3059.943689],
[149, 3076.786023],
]