$ 1 0.000005 1.700203994009402 65 5 50 5e-11
w 144 112 192 112 0
r 192 112 256 112 0 560
w 256 112 320 112 0
r 320 112 384 112 0 1000
w 384 112 416 112 0
w 416 112 432 112 0
w 432 112 432 192 0
c 432 192 432 256 0 4.7000000000000005e-7 -0.7391653786043608 0.001
w 432 256 432 320 0
w 432 320 336 320 0
w 272 320 144 320 0
v 144 256 144 192 0 1 500 2.5 0 0 0.5
w 144 192 144 112 0
w 144 256 144 320 0
g 144 320 144 352 0 0
c 336 320 272 320 0 0.000001 -0.3468777279442217 0.001
o 11 4 0 12290 2.4999999999999996 0.0001 0 3 1 0 3 0 Source\set\srésistances
o 11 4 0 12290 2.4999999999999996 0.0001 1 3 7 0 15 0 Source\set\scondensateurs
